t,count,max,mean,min,stddev,p50,p75,p95,p98,p99,p999,mean_rate,m1_rate,m5_rate,m15_rate,rate_unit,duration_unit
1548920092,1,11.000000,11.000000,11.000000,0.000000,11.000000,11.000000,11.000000,11.000000,11.000000,11.000000,0.362076,0.000000,0.000000,0.000000,calls/second,milliseconds
1548920093,1,11.000000,11.000000,11.000000,0.000000,11.000000,11.000000,11.000000,11.000000,11.000000,11.000000,0.323042,0.000000,0.000000,0.000000,calls/second,milliseconds
1548920094,1,11.000000,11.000000,11.000000,0.000000,11.000000,11.000000,11.000000,11.000000,11.000000,11.000000,0.282122,0.000000,0.000000,0.000000,calls/second,milliseconds
1548920095,1,11.000000,11.000000,11.000000,0.000000,11.000000,11.000000,11.000000,11.000000,11.000000,11.000000,0.225372,0.000000,0.000000,0.000000,calls/second,milliseconds
1548920096,1,11.000000,11.000000,11.000000,0.000000,11.000000,11.000000,11.000000,11.000000,11.000000,11.000000,0.186112,0.200000,0.200000,0.200000,calls/second,milliseconds
1548920097,1,11.000000,11.000000,11.000000,0.000000,11.000000,11.000000,11.000000,11.000000,11.000000,11.000000,0.157454,0.200000,0.200000,0.200000,calls/second,milliseconds
1548920098,1,11.000000,11.000000,11.000000,0.000000,11.000000,11.000000,11.000000,11.000000,11.000000,11.000000,0.135682,0.200000,0.200000,0.200000,calls/second,milliseconds
1548920099,1,11.000000,11.000000,11.000000,0.000000,11.000000,11.000000,11.000000,11.000000,11.000000,11.000000,0.120046,0.200000,0.200000,0.200000,calls/second,milliseconds
1548920100,1,11.000000,11.000000,11.000000,0.000000,11.000000,11.000000,11.000000,11.000000,11.000000,11.000000,0.106604,0.200000,0.200000,0.200000,calls/second,milliseconds
1548920101,1,11.000000,11.000000,11.000000,0.000000,11.000000,11.000000,11.000000,11.000000,11.000000,11.000000,0.096470,0.184009,0.196694,0.198892,calls/second,milliseconds
1548920102,1,11.000000,11.000000,11.000000,0.000000,11.000000,11.000000,11.000000,11.000000,11.000000,11.000000,0.087931,0.184009,0.196694,0.198892,calls/second,milliseconds
1548920103,1,11.000000,11.000000,11.000000,0.000000,11.000000,11.000000,11.000000,11.000000,11.000000,11.000000,0.080902,0.184009,0.196694,0.198892,calls/second,milliseconds
1548920104,1,11.000000,11.000000,11.000000,0.000000,11.000000,11.000000,11.000000,11.000000,11.000000,11.000000,0.074960,0.184009,0.196694,0.198892,calls/second,milliseconds
1548920105,1,11.000000,11.000000,11.000000,0.000000,11.000000,11.000000,11.000000,11.000000,11.000000,11.000000,0.069712,0.184009,0.196694,0.198892,calls/second,milliseconds
1548920106,1,11.000000,11.000000,11.000000,0.000000,11.000000,11.000000,11.000000,11.000000,11.000000,11.000000,0.065086,0.169296,0.193443,0.197790,calls/second,milliseconds
1548920107,1,11.000000,11.000000,11.000000,0.000000,11.000000,11.000000,11.000000,11.000000,11.000000,11.000000,0.061153,0.169296,0.193443,0.197790,calls/second,milliseconds
1548920108,1,11.000000,11.000000,11.000000,0.000000,11.000000,11.000000,11.000000,11.000000,11.000000,11.000000,0.057393,0.169296,0.193443,0.197790,calls/second,milliseconds
1548920109,1,11.000000,11.000000,11.000000,0.000000,11.000000,11.000000,11.000000,11.000000,11.000000,11.000000,0.054515,0.169296,0.193443,0.197790,calls/second,milliseconds
1548920110,1,11.000000,11.000000,11.000000,0.000000,11.000000,11.000000,11.000000,11.000000,11.000000,11.000000,0.051616,0.169296,0.193443,0.197790,calls/second,milliseconds
1548920111,1,11.000000,11.000000,11.000000,0.000000,11.000000,11.000000,11.000000,11.000000,11.000000,11.000000,0.049170,0.155760,0.190246,0.196694,calls/second,milliseconds
1548920112,1,11.000000,11.000000,11.000000,0.000000,11.000000,11.000000,11.000000,11.000000,11.000000,11.000000,0.046794,0.155760,0.190246,0.196694,calls/second,milliseconds
1548920113,1,11.000000,11.000000,11.000000,0.000000,11.000000,11.000000,11.000000,11.000000,11.000000,11.000000,0.044779,0.155760,0.190246,0.196694,calls/second,milliseconds
1548920114,1,11.000000,11.000000,11.000000,0.000000,11.000000,11.000000,11.000000,11.000000,11.000000,11.000000,0.042848,0.155760,0.190246,0.196694,calls/second,milliseconds
1548920115,1,11.000000,11.000000,11.000000,0.000000,11.000000,11.000000,11.000000,11.000000,11.000000,11.000000,0.041095,0.155760,0.190246,0.196694,calls/second,milliseconds
1548920116,1,11.000000,11.000000,11.000000,0.000000,11.000000,11.000000,11.000000,11.000000,11.000000,11.000000,0.039479,0.143306,0.187101,0.195605,calls/second,milliseconds
1548920117,1,11.000000,11.000000,11.000000,0.000000,11.000000,11.000000,11.000000,11.000000,11.000000,11.000000,0.037976,0.143306,0.187101,0.195605,calls/second,milliseconds
1548920118,1,11.000000,11.000000,11.000000,0.000000,11.000000,11.000000,11.000000,11.000000,11.000000,11.000000,0.036598,0.143306,0.187101,0.195605,calls/second,milliseconds
1548920119,1,11.000000,11.000000,11.000000,0.000000,11.000000,11.000000,11.000000,11.000000,11.000000,11.000000,0.035273,0.143306,0.187101,0.195605,calls/second,milliseconds
1548920120,1,11.000000,11.000000,11.000000,0.000000,11.000000,11.000000,11.000000,11.000000,11.000000,11.000000,0.034098,0.143306,0.187101,0.195605,calls/second,milliseconds
1548920121,1,11.000000,11.000000,11.000000,0.000000,11.000000,11.000000,11.000000,11.000000,11.000000,11.000000,0.032964,0.131848,0.184009,0.194521,calls/second,milliseconds
1548920122,1,11.000000,11.000000,11.000000,0.000000,11.000000,11.000000,11.000000,11.000000,11.000000,11.000000,0.031914,0.131848,0.184009,0.194521,calls/second,milliseconds
1548920123,1,11.000000,11.000000,11.000000,0.000000,11.000000,11.000000,11.000000,11.000000,11.000000,11.000000,0.030912,0.131848,0.184009,0.194521,calls/second,milliseconds
1548920124,1,11.000000,11.000000,11.000000,0.000000,11.000000,11.000000,11.000000,11.000000,11.000000,11.000000,0.029981,0.131848,0.184009,0.194521,calls/second,milliseconds
1548920125,1,11.000000,11.000000,11.000000,0.000000,11.000000,11.000000,11.000000,11.000000,11.000000,11.000000,0.029105,0.131848,0.184009,0.194521,calls/second,milliseconds
1548920126,1,11.000000,11.000000,11.000000,0.000000,11.000000,11.000000,11.000000,11.000000,11.000000,11.000000,0.028289,0.121306,0.180967,0.193443,calls/second,milliseconds
1548920127,1,11.000000,11.000000,11.000000,0.000000,11.000000,11.000000,11.000000,11.000000,11.000000,11.000000,0.027508,0.121306,0.180967,0.193443,calls/second,milliseconds
1548920128,1,11.000000,11.000000,11.000000,0.000000,11.000000,11.000000,11.000000,11.000000,11.000000,11.000000,0.026771,0.121306,0.180967,0.193443,calls/second,milliseconds
1548920129,1,11.000000,11.000000,11.000000,0.000000,11.000000,11.000000,11.000000,11.000000,11.000000,11.000000,0.026078,0.121306,0.180967,0.193443,calls/second,milliseconds
1548920130,1,11.000000,11.000000,11.000000,0.000000,11.000000,11.000000,11.000000,11.000000,11.000000,11.000000,0.025398,0.121306,0.180967,0.193443,calls/second,milliseconds
1548920131,1,11.000000,11.000000,11.000000,0.000000,11.000000,11.000000,11.000000,11.000000,11.000000,11.000000,0.024786,0.111607,0.177976,0.192372,calls/second,milliseconds
1548920132,1,11.000000,11.000000,11.000000,0.000000,11.000000,11.000000,11.000000,11.000000,11.000000,11.000000,0.024181,0.111607,0.177976,0.192372,calls/second,milliseconds
1548920133,1,11.000000,11.000000,11.000000,0.000000,11.000000,11.000000,11.000000,11.000000,11.000000,11.000000,0.023598,0.111607,0.177976,0.192372,calls/second,milliseconds
1548920134,1,11.000000,11.000000,11.000000,0.000000,11.000000,11.000000,11.000000,11.000000,11.000000,11.000000,0.023069,0.111607,0.177976,0.192372,calls/second,milliseconds
1548920135,1,11.000000,11.000000,11.000000,0.000000,11.000000,11.000000,11.000000,11.000000,11.000000,11.000000,0.022550,0.111607,0.177976,0.192372,calls/second,milliseconds
1548920136,1,11.000000,11.000000,11.000000,0.000000,11.000000,11.000000,11.000000,11.000000,11.000000,11.000000,0.022049,0.102683,0.175035,0.191306,calls/second,milliseconds
1548920137,1,11.000000,11.000000,11.000000,0.000000,11.000000,11.000000,11.000000,11.000000,11.000000,11.000000,0.021575,0.102683,0.175035,0.191306,calls/second,milliseconds
1548920138,1,11.000000,11.000000,11.000000,0.000000,11.000000,11.000000,11.000000,11.000000,11.000000,11.000000,0.021120,0.102683,0.175035,0.191306,calls/second,milliseconds
1548920139,1,11.000000,11.000000,11.000000,0.000000,11.000000,11.000000,11.000000,11.000000,11.000000,11.000000,0.020684,0.102683,0.175035,0.191306,calls/second,milliseconds
1548920140,1,11.000000,11.000000,11.000000,0.000000,11.000000,11.000000,11.000000,11.000000,11.000000,11.000000,0.020263,0.102683,0.175035,0.191306,calls/second,milliseconds
1548920141,1,11.000000,11.000000,11.000000,0.000000,11.000000,11.000000,11.000000,11.000000,11.000000,11.000000,0.019855,0.094473,0.172142,0.190246,calls/second,milliseconds
1548920142,1,11.000000,11.000000,11.000000,0.000000,11.000000,11.000000,11.000000,11.000000,11.000000,11.000000,0.019469,0.094473,0.172142,0.190246,calls/second,milliseconds
1548920143,1,11.000000,11.000000,11.000000,0.000000,11.000000,11.000000,11.000000,11.000000,11.000000,11.000000,0.019102,0.094473,0.172142,0.190246,calls/second,milliseconds
1548920144,1,11.000000,11.000000,11.000000,0.000000,11.000000,11.000000,11.000000,11.000000,11.000000,11.000000,0.018744,0.094473,0.172142,0.190246,calls/second,milliseconds
1548920145,1,11.000000,11.000000,11.000000,0.000000,11.000000,11.000000,11.000000,11.000000,11.000000,11.000000,0.018401,0.094473,0.172142,0.190246,calls/second,milliseconds
1548920146,1,11.000000,11.000000,11.000000,0.000000,11.000000,11.000000,11.000000,11.000000,11.000000,11.000000,0.018066,0.086920,0.169296,0.189192,calls/second,milliseconds
1548920147,1,11.000000,11.000000,11.000000,0.000000,11.000000,11.000000,11.000000,11.000000,11.000000,11.000000,0.017746,0.086920,0.169296,0.189192,calls/second,milliseconds
1548920148,1,11.000000,11.000000,11.000000,0.000000,11.000000,11.000000,11.000000,11.000000,11.000000,11.000000,0.017436,0.086920,0.169296,0.189192,calls/second,milliseconds
1548920149,1,11.000000,11.000000,11.000000,0.000000,11.000000,11.000000,11.000000,11.000000,11.000000,11.000000,0.017138,0.086920,0.169296,0.189192,calls/second,milliseconds
1548920150,1,11.000000,11.000000,11.000000,0.000000,11.000000,11.000000,11.000000,11.000000,11.000000,11.000000,0.016849,0.086920,0.169296,0.189192,calls/second,milliseconds
1548920151,1,11.000000,11.000000,11.000000,0.000000,11.000000,11.000000,11.000000,11.000000,11.000000,11.000000,0.016569,0.079970,0.166498,0.188144,calls/second,milliseconds
1548920152,1,11.000000,11.000000,11.000000,0.000000,11.000000,11.000000,11.000000,11.000000,11.000000,11.000000,0.016297,0.079970,0.166498,0.188144,calls/second,milliseconds
1548920153,1,11.000000,11.000000,11.000000,0.000000,11.000000,11.000000,11.000000,11.000000,11.000000,11.000000,0.016035,0.079970,0.166498,0.188144,calls/second,milliseconds
1548920154,1,11.000000,11.000000,11.000000,0.000000,11.000000,11.000000,11.000000,11.000000,11.000000,11.000000,0.015785,0.079970,0.166498,0.188144,calls/second,milliseconds
1548920155,1,11.000000,11.000000,11.000000,0.000000,11.000000,11.000000,11.000000,11.000000,11.000000,11.000000,0.015539,0.079970,0.166498,0.188144,calls/second,milliseconds
1548920156,1,11.000000,11.000000,11.000000,0.000000,11.000000,11.000000,11.000000,11.000000,11.000000,11.000000,0.015300,0.073576,0.163746,0.187101,calls/second,milliseconds
1548920157,1,11.000000,11.000000,11.000000,0.000000,11.000000,11.000000,11.000000,11.000000,11.000000,11.000000,0.015070,0.073576,0.163746,0.187101,calls/second,milliseconds
1548920158,1,11.000000,11.000000,11.000000,0.000000,11.000000,11.000000,11.000000,11.000000,11.000000,11.000000,0.014845,0.073576,0.163746,0.187101,calls/second,milliseconds
1548920159,1,11.000000,11.000000,11.000000,0.000000,11.000000,11.000000,11.000000,11.000000,11.000000,11.000000,0.014630,0.073576,0.163746,0.187101,calls/second,milliseconds
1548920160,1,11.000000,11.000000,11.000000,0.000000,11.000000,11.000000,11.000000,11.000000,11.000000,11.000000,0.014417,0.073576,0.163746,0.187101,calls/second,milliseconds
1548920161,1,11.000000,11.000000,11.000000,0.000000,11.000000,11.000000,11.000000,11.000000,11.000000,11.000000,0.014214,0.067693,0.161040,0.186065,calls/second,milliseconds
1548920162,1,11.000000,11.000000,11.000000,0.000000,11.000000,11.000000,11.000000,11.000000,11.000000,11.000000,0.014012,0.067693,0.161040,0.186065,calls/second,milliseconds
1548920163,1,11.000000,11.000000,11.000000,0.000000,11.000000,11.000000,11.000000,11.000000,11.000000,11.000000,0.013819,0.067693,0.161040,0.186065,calls/second,milliseconds
1548920164,1,11.000000,11.000000,11.000000,0.000000,11.000000,11.000000,11.000000,11.000000,11.000000,11.000000,0.013631,0.067693,0.161040,0.186065,calls/second,milliseconds
1548920165,1,11.000000,11.000000,11.000000,0.000000,11.000000,11.000000,11.000000,11.000000,11.000000,11.000000,0.013449,0.067693,0.161040,0.186065,calls/second,milliseconds
1548920166,1,11.000000,11.000000,11.000000,0.000000,11.000000,11.000000,11.000000,11.000000,11.000000,11.000000,0.013269,0.062281,0.158378,0.185034,calls/second,milliseconds
1548920167,1,11.000000,11.000000,11.000000,0.000000,11.000000,11.000000,11.000000,11.000000,11.000000,11.000000,0.013091,0.062281,0.158378,0.185034,calls/second,milliseconds
1548920168,1,11.000000,11.000000,11.000000,0.000000,11.000000,11.000000,11.000000,11.000000,11.000000,11.000000,0.012926,0.062281,0.158378,0.185034,calls/second,milliseconds
1548920169,1,11.000000,11.000000,11.000000,0.000000,11.000000,11.000000,11.000000,11.000000,11.000000,11.000000,0.012753,0.062281,0.158378,0.185034,calls/second,milliseconds
1548920170,1,11.000000,11.000000,11.000000,0.000000,11.000000,11.000000,11.000000,11.000000,11.000000,11.000000,0.012595,0.062281,0.158378,0.185034,calls/second,milliseconds
1548920171,1,11.000000,11.000000,11.000000,0.000000,11.000000,11.000000,11.000000,11.000000,11.000000,11.000000,0.012441,0.057301,0.155760,0.184009,calls/second,milliseconds
1548920172,1,11.000000,11.000000,11.000000,0.000000,11.000000,11.000000,11.000000,11.000000,11.000000,11.000000,0.012269,0.057301,0.155760,0.184009,calls/second,milliseconds
1548920173,1,11.000000,11.000000,11.000000,0.000000,11.000000,11.000000,11.000000,11.000000,11.000000,11.000000,0.012137,0.057301,0.155760,0.184009,calls/second,milliseconds
1548920174,1,11.000000,11.000000,11.000000,0.000000,11.000000,11.000000,11.000000,11.000000,11.000000,11.000000,0.011994,0.057301,0.155760,0.184009,calls/second,milliseconds
1548920175,1,11.000000,11.000000,11.000000,0.000000,11.000000,11.000000,11.000000,11.000000,11.000000,11.000000,0.011854,0.057301,0.155760,0.184009,calls/second,milliseconds
1548920176,1,11.000000,11.000000,11.000000,0.000000,11.000000,11.000000,11.000000,11.000000,11.000000,11.000000,0.011715,0.052719,0.153186,0.182989,calls/second,milliseconds
1548920177,1,11.000000,11.000000,11.000000,0.000000,11.000000,11.000000,11.000000,11.000000,11.000000,11.000000,0.011579,0.052719,0.153186,0.182989,calls/second,milliseconds
1548920178,1,11.000000,11.000000,11.000000,0.000000,11.000000,11.000000,11.000000,11.000000,11.000000,11.000000,0.011447,0.052719,0.153186,0.182989,calls/second,milliseconds
1548920179,1,11.000000,11.000000,11.000000,0.000000,11.000000,11.000000,11.000000,11.000000,11.000000,11.000000,0.011317,0.052719,0.153186,0.182989,calls/second,milliseconds
1548920180,1,11.000000,11.000000,11.000000,0.000000,11.000000,11.000000,11.000000,11.000000,11.000000,11.000000,0.011188,0.052719,0.153186,0.182989,calls/second,milliseconds
1548920181,1,11.000000,11.000000,11.000000,0.000000,11.000000,11.000000,11.000000,11.000000,11.000000,11.000000,0.011065,0.048504,0.150654,0.181976,calls/second,milliseconds
1548920182,1,11.000000,11.000000,11.000000,0.000000,11.000000,11.000000,11.000000,11.000000,11.000000,11.000000,0.010942,0.048504,0.150654,0.181976,calls/second,milliseconds
1548920183,1,11.000000,11.000000,11.000000,0.000000,11.000000,11.000000,11.000000,11.000000,11.000000,11.000000,0.010827,0.048504,0.150654,0.181976,calls/second,milliseconds
1548920184,1,11.000000,11.000000,11.000000,0.000000,11.000000,11.000000,11.000000,11.000000,11.000000,11.000000,0.010711,0.048504,0.150654,0.181976,calls/second,milliseconds
1548920185,1,11.000000,11.000000,11.000000,0.000000,11.000000,11.000000,11.000000,11.000000,11.000000,11.000000,0.010598,0.048504,0.150654,0.181976,calls/second,milliseconds
1548920186,1,11.000000,11.000000,11.000000,0.000000,11.000000,11.000000,11.000000,11.000000,11.000000,11.000000,0.010486,0.044626,0.148164,0.180967,calls/second,milliseconds
1548920187,1,11.000000,11.000000,11.000000,0.000000,11.000000,11.000000,11.000000,11.000000,11.000000,11.000000,0.010378,0.044626,0.148164,0.180967,calls/second,milliseconds
1548920188,1,11.000000,11.000000,11.000000,0.000000,11.000000,11.000000,11.000000,11.000000,11.000000,11.000000,0.010271,0.044626,0.148164,0.180967,calls/second,milliseconds
1548920189,1,11.000000,11.000000,11.000000,0.000000,11.000000,11.000000,11.000000,11.000000,11.000000,11.000000,0.010165,0.044626,0.148164,0.180967,calls/second,milliseconds
1548920190,1,11.000000,11.000000,11.000000,0.000000,11.000000,11.000000,11.000000,11.000000,11.000000,11.000000,0.010062,0.044626,0.148164,0.180967,calls/second,milliseconds
1548920191,1,11.000000,11.000000,11.000000,0.000000,11.000000,11.000000,11.000000,11.000000,11.000000,11.000000,0.009963,0.041058,0.145715,0.179965,calls/second,milliseconds
1548920192,1,11.000000,11.000000,11.000000,0.000000,11.000000,11.000000,11.000000,11.000000,11.000000,11.000000,0.009863,0.041058,0.145715,0.179965,calls/second,milliseconds
1548920193,1,11.000000,11.000000,11.000000,0.000000,11.000000,11.000000,11.000000,11.000000,11.000000,11.000000,0.009768,0.041058,0.145715,0.179965,calls/second,milliseconds
1548920194,1,11.000000,11.000000,11.000000,0.000000,11.000000,11.000000,11.000000,11.000000,11.000000,11.000000,0.009674,0.041058,0.145715,0.179965,calls/second,milliseconds
1548920195,1,11.000000,11.000000,11.000000,0.000000,11.000000,11.000000,11.000000,11.000000,11.000000,11.000000,0.009582,0.041058,0.145715,0.179965,calls/second,milliseconds
1548920196,1,11.000000,11.000000,11.000000,0.000000,11.000000,11.000000,11.000000,11.000000,11.000000,11.000000,0.009491,0.037775,0.143306,0.178968,calls/second,milliseconds
1548920197,1,11.000000,11.000000,11.000000,0.000000,11.000000,11.000000,11.000000,11.000000,11.000000,11.000000,0.009401,0.037775,0.143306,0.178968,calls/second,milliseconds
1548920198,1,11.000000,11.000000,11.000000,0.000000,11.000000,11.000000,11.000000,11.000000,11.000000,11.000000,0.009314,0.037775,0.143306,0.178968,calls/second,milliseconds
1548920199,1,11.000000,11.000000,11.000000,0.000000,11.000000,11.000000,11.000000,11.000000,11.000000,11.000000,0.009228,0.037775,0.143306,0.178968,calls/second,milliseconds
1548920200,1,11.000000,11.000000,11.000000,0.000000,11.000000,11.000000,11.000000,11.000000,11.000000,11.000000,0.009144,0.037775,0.143306,0.178968,calls/second,milliseconds
1548920201,1,11.000000,11.000000,11.000000,0.000000,11.000000,11.000000,11.000000,11.000000,11.000000,11.000000,0.009060,0.034755,0.140938,0.177976,calls/second,milliseconds
1548920202,1,11.000000,11.000000,11.000000,0.000000,11.000000,11.000000,11.000000,11.000000,11.000000,11.000000,0.008979,0.034755,0.140938,0.177976,calls/second,milliseconds
1548920203,1,11.000000,11.000000,11.000000,0.000000,11.000000,11.000000,11.000000,11.000000,11.000000,11.000000,0.008900,0.034755,0.140938,0.177976,calls/second,milliseconds
1548920204,1,11.000000,11.000000,11.000000,0.000000,11.000000,11.000000,11.000000,11.000000,11.000000,11.000000,0.008820,0.034755,0.140938,0.177976,calls/second,milliseconds
1548920205,1,11.000000,11.000000,11.000000,0.000000,11.000000,11.000000,11.000000,11.000000,11.000000,11.000000,0.008744,0.034755,0.140938,0.177976,calls/second,milliseconds
1548920206,1,11.000000,11.000000,11.000000,0.000000,11.000000,11.000000,11.000000,11.000000,11.000000,11.000000,0.008668,0.031976,0.138608,0.176990,calls/second,milliseconds
1548920207,1,11.000000,11.000000,11.000000,0.000000,11.000000,11.000000,11.000000,11.000000,11.000000,11.000000,0.008594,0.031976,0.138608,0.176990,calls/second,milliseconds
1548920208,1,11.000000,11.000000,11.000000,0.000000,11.000000,11.000000,11.000000,11.000000,11.000000,11.000000,0.008520,0.031976,0.138608,0.176990,calls/second,milliseconds
1548920209,1,11.000000,11.000000,11.000000,0.000000,11.000000,11.000000,11.000000,11.000000,11.000000,11.000000,0.008446,0.031976,0.138608,0.176990,calls/second,milliseconds
1548920210,1,11.000000,11.000000,11.000000,0.000000,11.000000,11.000000,11.000000,11.000000,11.000000,11.000000,0.008377,0.031976,0.138608,0.176990,calls/second,milliseconds
1548920211,1,11.000000,11.000000,11.000000,0.000000,11.000000,11.000000,11.000000,11.000000,11.000000,11.000000,0.008308,0.029419,0.136317,0.176010,calls/second,milliseconds
1548920212,1,11.000000,11.000000,11.000000,0.000000,11.000000,11.000000,11.000000,11.000000,11.000000,11.000000,0.008239,0.029419,0.136317,0.176010,calls/second,milliseconds
1548920213,1,11.000000,11.000000,11.000000,0.000000,11.000000,11.000000,11.000000,11.000000,11.000000,11.000000,0.008171,0.029419,0.136317,0.176010,calls/second,milliseconds
1548920214,1,11.000000,11.000000,11.000000,0.000000,11.000000,11.000000,11.000000,11.000000,11.000000,11.000000,0.008105,0.029419,0.136317,0.176010,calls/second,milliseconds
1548920215,1,11.000000,11.000000,11.000000,0.000000,11.000000,11.000000,11.000000,11.000000,11.000000,11.000000,0.008038,0.029419,0.136317,0.176010,calls/second,milliseconds
1548920216,1,11.000000,11.000000,11.000000,0.000000,11.000000,11.000000,11.000000,11.000000,11.000000,11.000000,0.007973,0.027067,0.134064,0.175035,calls/second,milliseconds
1548920217,1,11.000000,11.000000,11.000000,0.000000,11.000000,11.000000,11.000000,11.000000,11.000000,11.000000,0.007909,0.027067,0.134064,0.175035,calls/second,milliseconds
1548920218,1,11.000000,11.000000,11.000000,0.000000,11.000000,11.000000,11.000000,11.000000,11.000000,11.000000,0.007848,0.027067,0.134064,0.175035,calls/second,milliseconds
1548920219,1,11.000000,11.000000,11.000000,0.000000,11.000000,11.000000,11.000000,11.000000,11.000000,11.000000,0.007786,0.027067,0.134064,0.175035,calls/second,milliseconds
1548920220,1,11.000000,11.000000,11.000000,0.000000,11.000000,11.000000,11.000000,11.000000,11.000000,11.000000,0.007725,0.027067,0.134064,0.175035,calls/second,milliseconds
1548920221,1,11.000000,11.000000,11.000000,0.000000,11.000000,11.000000,11.000000,11.000000,11.000000,11.000000,0.007665,0.024903,0.131848,0.174065,calls/second,milliseconds
1548920222,1,11.000000,11.000000,11.000000,0.000000,11.000000,11.000000,11.000000,11.000000,11.000000,11.000000,0.007607,0.024903,0.131848,0.174065,calls/second,milliseconds
1548920223,1,11.000000,11.000000,11.000000,0.000000,11.000000,11.000000,11.000000,11.000000,11.000000,11.000000,0.007550,0.024903,0.131848,0.174065,calls/second,milliseconds
1548920224,1,11.000000,11.000000,11.000000,0.000000,11.000000,11.000000,11.000000,11.000000,11.000000,11.000000,0.007494,0.024903,0.131848,0.174065,calls/second,milliseconds
1548920225,1,11.000000,11.000000,11.000000,0.000000,11.000000,11.000000,11.000000,11.000000,11.000000,11.000000,0.007436,0.024903,0.131848,0.174065,calls/second,milliseconds
1548920226,1,11.000000,11.000000,11.000000,0.000000,11.000000,11.000000,11.000000,11.000000,11.000000,11.000000,0.007379,0.022912,0.129669,0.173101,calls/second,milliseconds
1548920227,1,11.000000,11.000000,11.000000,0.000000,11.000000,11.000000,11.000000,11.000000,11.000000,11.000000,0.007325,0.022912,0.129669,0.173101,calls/second,milliseconds
1548920228,1,11.000000,11.000000,11.000000,0.000000,11.000000,11.000000,11.000000,11.000000,11.000000,11.000000,0.007273,0.022912,0.129669,0.173101,calls/second,milliseconds
1548920229,1,11.000000,11.000000,11.000000,0.000000,11.000000,11.000000,11.000000,11.000000,11.000000,11.000000,0.007220,0.022912,0.129669,0.173101,calls/second,milliseconds
1548920230,1,11.000000,11.000000,11.000000,0.000000,11.000000,11.000000,11.000000,11.000000,11.000000,11.000000,0.007168,0.022912,0.129669,0.173101,calls/second,milliseconds
1548920231,1,11.000000,11.000000,11.000000,0.000000,11.000000,11.000000,11.000000,11.000000,11.000000,11.000000,0.007117,0.021080,0.127526,0.172142,calls/second,milliseconds
1548920232,1,11.000000,11.000000,11.000000,0.000000,11.000000,11.000000,11.000000,11.000000,11.000000,11.000000,0.007065,0.021080,0.127526,0.172142,calls/second,milliseconds
1548920233,1,11.000000,11.000000,11.000000,0.000000,11.000000,11.000000,11.000000,11.000000,11.000000,11.000000,0.007018,0.021080,0.127526,0.172142,calls/second,milliseconds
1548920234,1,11.000000,11.000000,11.000000,0.000000,11.000000,11.000000,11.000000,11.000000,11.000000,11.000000,0.006950,0.021080,0.127526,0.172142,calls/second,milliseconds
1548920235,1,11.000000,11.000000,11.000000,0.000000,11.000000,11.000000,11.000000,11.000000,11.000000,11.000000,0.006897,0.021080,0.127526,0.172142,calls/second,milliseconds
1548920236,1,11.000000,11.000000,11.000000,0.000000,11.000000,11.000000,11.000000,11.000000,11.000000,11.000000,0.006795,0.019394,0.125418,0.171188,calls/second,milliseconds
1548920238,1,11.000000,11.000000,11.000000,0.000000,11.000000,11.000000,11.000000,11.000000,11.000000,11.000000,0.006698,0.019394,0.125418,0.171188,calls/second,milliseconds
1548920240,1,11.000000,11.000000,11.000000,0.000000,11.000000,11.000000,11.000000,11.000000,11.000000,11.000000,0.006654,0.017844,0.123345,0.170239,calls/second,milliseconds
1548920241,1,11.000000,11.000000,11.000000,0.000000,11.000000,11.000000,11.000000,11.000000,11.000000,11.000000,0.006627,0.017844,0.123345,0.170239,calls/second,milliseconds
1548920242,1,11.000000,11.000000,11.000000,0.000000,11.000000,11.000000,11.000000,11.000000,11.000000,11.000000,0.006601,0.017844,0.123345,0.170239,calls/second,milliseconds
1548920242,1,11.000000,11.000000,11.000000,0.000000,11.000000,11.000000,11.000000,11.000000,11.000000,11.000000,0.006575,0.017844,0.123345,0.170239,calls/second,milliseconds
1548920243,1,11.000000,11.000000,11.000000,0.000000,11.000000,11.000000,11.000000,11.000000,11.000000,11.000000,0.006550,0.017844,0.123345,0.170239,calls/second,milliseconds
1548920243,1,11.000000,11.000000,11.000000,0.000000,11.000000,11.000000,11.000000,11.000000,11.000000,11.000000,0.006524,0.017844,0.123345,0.170239,calls/second,milliseconds
1548920244,1,11.000000,11.000000,11.000000,0.000000,11.000000,11.000000,11.000000,11.000000,11.000000,11.000000,0.006506,0.017844,0.123345,0.170239,calls/second,milliseconds
1548920245,1,11.000000,11.000000,11.000000,0.000000,11.000000,11.000000,11.000000,11.000000,11.000000,11.000000,0.006475,0.017844,0.123345,0.170239,calls/second,milliseconds
1548920246,1,11.000000,11.000000,11.000000,0.000000,11.000000,11.000000,11.000000,11.000000,11.000000,11.000000,0.006426,0.016417,0.121306,0.169296,calls/second,milliseconds
1548920247,1,11.000000,11.000000,11.000000,0.000000,11.000000,11.000000,11.000000,11.000000,11.000000,11.000000,0.006391,0.016417,0.121306,0.169296,calls/second,milliseconds
1548920248,1,11.000000,11.000000,11.000000,0.000000,11.000000,11.000000,11.000000,11.000000,11.000000,11.000000,0.006350,0.016417,0.121306,0.169296,calls/second,milliseconds
1548920249,1,11.000000,11.000000,11.000000,0.000000,11.000000,11.000000,11.000000,11.000000,11.000000,11.000000,0.006310,0.016417,0.121306,0.169296,calls/second,milliseconds
1548920250,1,11.000000,11.000000,11.000000,0.000000,11.000000,11.000000,11.000000,11.000000,11.000000,11.000000,0.006273,0.016417,0.121306,0.169296,calls/second,milliseconds
1548920251,1,11.000000,11.000000,11.000000,0.000000,11.000000,11.000000,11.000000,11.000000,11.000000,11.000000,0.006234,0.015104,0.119301,0.168358,calls/second,milliseconds
1548920252,1,11.000000,11.000000,11.000000,0.000000,11.000000,11.000000,11.000000,11.000000,11.000000,11.000000,0.006195,0.015104,0.119301,0.168358,calls/second,milliseconds
1548920253,1,11.000000,11.000000,11.000000,0.000000,11.000000,11.000000,11.000000,11.000000,11.000000,11.000000,0.006157,0.015104,0.119301,0.168358,calls/second,milliseconds
1548920254,1,11.000000,11.000000,11.000000,0.000000,11.000000,11.000000,11.000000,11.000000,11.000000,11.000000,0.006119,0.015104,0.119301,0.168358,calls/second,milliseconds
1548920255,1,11.000000,11.000000,11.000000,0.000000,11.000000,11.000000,11.000000,11.000000,11.000000,11.000000,0.006082,0.015104,0.119301,0.168358,calls/second,milliseconds
1548920256,1,11.000000,11.000000,11.000000,0.000000,11.000000,11.000000,11.000000,11.000000,11.000000,11.000000,0.006045,0.013897,0.117329,0.167426,calls/second,milliseconds
1548920257,1,11.000000,11.000000,11.000000,0.000000,11.000000,11.000000,11.000000,11.000000,11.000000,11.000000,0.006009,0.013897,0.117329,0.167426,calls/second,milliseconds
1548920258,1,11.000000,11.000000,11.000000,0.000000,11.000000,11.000000,11.000000,11.000000,11.000000,11.000000,0.005973,0.013897,0.117329,0.167426,calls/second,milliseconds
1548920259,1,11.000000,11.000000,11.000000,0.000000,11.000000,11.000000,11.000000,11.000000,11.000000,11.000000,0.005938,0.013897,0.117329,0.167426,calls/second,milliseconds
1548920260,1,11.000000,11.000000,11.000000,0.000000,11.000000,11.000000,11.000000,11.000000,11.000000,11.000000,0.005903,0.013897,0.117329,0.167426,calls/second,milliseconds
1548920261,1,11.000000,11.000000,11.000000,0.000000,11.000000,11.000000,11.000000,11.000000,11.000000,11.000000,0.005867,0.012786,0.115390,0.166498,calls/second,milliseconds
1548920262,1,11.000000,11.000000,11.000000,0.000000,11.000000,11.000000,11.000000,11.000000,11.000000,11.000000,0.005834,0.012786,0.115390,0.166498,calls/second,milliseconds
1548920263,1,11.000000,11.000000,11.000000,0.000000,11.000000,11.000000,11.000000,11.000000,11.000000,11.000000,0.005800,0.012786,0.115390,0.166498,calls/second,milliseconds
